#ifndef __VYZKUM_EVAL__
#define __VYZKUM_EVAL__

#include<vyzkumak/topLevelHeader.h>
#include<iostream>
#include<iomanip>
#include<math.h>

//using namespace std;


template<int dim, typename vectorType, typename evalType>
class evaluationMethod{
	public:
	typedef singleObjectiveCandidate<dim,vectorType,evalType> specSingleObjCandidate; 
	typedef basicSingleObjPopulation<dim,vectorType,evalType> specSingleObjPopulation;

	protected:
	specSingleObjCandidate **pop,**offspr;
	int popSize, offsprSize;

	public: 
	virtual int Init(specSingleObjPopulation *p){
		pop = p->GetPopulation();
		popSize = p->GetPopSize();
		offspr = p->GetOffspring();
		offsprSize = p->GetOffsprSize();
		return 1;
	}	

//public:
	//typedef abstractBasicPopulation<dim,vectorType> specAbstBasPopulation;
	//typedef basicCandidate<dim,vectorType> specBasCandidate;
	//typedef initializablePart<dim,vectorType> specInitializable;

	protected:
	//using specInitializable::p;
	virtual int EvaluateSet(specSingleObjCandidate **set, int size) = 0;

	public:
	int PerformEvaluation(bool initial=false){
		if(initial) EvaluateSet(pop,popSize);
		else EvaluateSet(offspr,offsprSize);
		return 1;
	}
};

/*----------------------------------------------------------------------------------------*/

template<int dim, typename vectorType, typename evalType>
class inverseHilbMtrxNorm: public evaluationMethod<dim,vectorType,evalType>{
	public:
	//typedef basicSingleObjPopulation<dim,vectorType,evalDim,evalType> specAbstPopulation;
	//typedef candidate<dim,vectorType,evalDim,evalType> specCandidate;
	//typedef initializablePart<dim,vectorType,evalDim,evalType> specInitializable;

	private:
	//using specInitializable::p;

		//{H11,H12,...,H1n,H21,...,H2n, ... ,Hnn}
	static signed long *inverseHilbert;

	int EvaluateSet(specSingleObjCandidate **set, int size){
		double norm, sum;
		for(int i=0; i < size; i++){
			//compute norm od H^(-1)x
			norm = 0;
			for(int j=0; j<dim; j++){
				sum=0;
				//row*vector
				for(int k=0;k<dim;k++){
					sum += inverseHilbert[j*dim + k]*(set[i]->components[k]*GRID_STEP);
				}
				norm += sum*sum;
			}
			set[i]->evaluation[0] = sqrt(norm);
		}
		return 1;
	}

	long comb(long n, long k){
		long res=1;
		if(n<0 || k<0) return 1;
		if(k < n-k) k = n-k;	//symetry
		for(long i=k+1, div=1; i<=n; i++, div++){
		 res = (res*i)/div;
		}
		return res;
	}

	public:
	int Init(specSingleObjPopulation *p){
		if(evalDim != 1) return BAD_EVAL_DIM;
		evaluationMethod<dim,vectorType,evalDim,evalType>::Init(p);

		//create Hilbert inverse if not already created
		if(inverseHilbert != NULL) return 1;

		signed long tmp;
		inverseHilbert = new signed long[dim*dim];
		for(int i=1; i<dim+1; i++){
			for(int j=1; j<dim+1; j++){
				tmp = comb(i+j-2,i-1);
				inverseHilbert[dim*(i-1)+j-1] = (((i+j)%2)?-1:1)*(i+j-1)*comb(dim+i-1,dim-j)*comb(dim+j-1,dim-i)*tmp*tmp;
				//cout << setw(8);
				//cout << inverseHilbert[dim*(i-1)+j-1]<<" ";
			}
			//cout << '\n';
		}
		return 1;
	}
};
template<int dim, typename vectorType, typename evalType>
signed long *inverseHilbMtrxNorm<dim,vectorType,evalType>::inverseHilbert = NULL;


//------------------BIA evaluation ------------------------------=====================================================


template<int dim, typename vectorType, typename evalType>
class moleculePotentialEnergy: public evaluationMethod<dim,vectorType,evalType>{
	//get target distance between points x-th and y-th (represented in candidate by 
	//TWO coordinates) from matrix
	inline long GetDist(int x, int y){return dist[x*(dim/2) + y];}

	public:
	static const double dist[49*49];

	moleculePotentialEnergy<dim,vectorType,evalType>(){};

	int EvaluateSet(specSingleObjCandidate **set, int size){
		double strain;
		double dist1,dist2;
		int i,j,k;
		for(i=0;i<size;i++){
			strain = 0;
			for(j=0;j<dim/2;j++){
				for(k=j+1;k<dim/2;k++){
					//if not connected, don't care
					if(!GetDist(j,k)) continue;
					//compute euclidean dist
					dist1 = set[i]->components[2*j]-set[i]->components[2*k];
					dist2 =	set[i]->components[2*j+1]-set[i]->components[2*k+1];
					//compute strain
					//quadratic strain
					//strain += abs(dist1*dist1 + dist2*dist2 - GetDist(j,k)*GetDist(j,k));
					// linear strain
					strain += abs(sqrt(dist1*dist1 + dist2*dist2) - GetDist(j,k));
				}
			}
			set[i]->fitness = strain;
		}
		//do basic niching -- if two candidates in offspring are totally same,
		//let only one of them survive
		evalType currFit;
		bool different;
		for(i=0;i<size;i++){
			//just forward search, so that last of its kind survives
			currFit = set[i]->fitness;
			for(j=i+1;j<size;j++){
				//if(set[j]->fitness != currFit) continue;
				//check atoms coordinates
				different=false;
				for(k=0; k<dim; k++){
					if(abs(set[i]->components[k] - set[j]->components[k])>5){
						different=true; break;
					}
				}
				//dont match
				if(different) continue;
				//if totally match, set i-th fitness to some high val
				set[i]->fitness *=2 ;
			}
		}
		return 1;
	}
};

//non-negative, symetric
template<int dim, typename vectorType, typename evalType>
const double moleculePotentialEnergy<dim,vectorType,evalType>::dist[] =
/*{
0,  100,142,100,
100,0,  100,142,
142,100,0,  100,
100,142,100,0
};*/
/*{
0,100,0,100,100,0,0,0,0,0,0,0,0,0,
100,0,100,0,100,100,0,0,0,0,0,0,0,0,
0,100,0,0,0,100,100,0,0,0,0,0,0,0,
100,0,0,0,100,0,0,100,0,0,0,0,0,0,
100,100,0,100,0,100,0,100,100,0,0,0,0,0,
0,100,100,0,100,0,100,0,100,100,0,0,0,0,
0,0,100,0,0,100,0,0,0,100,100,0,0,0,
0,0,0,100,100,0,0,0,100,0,0,100,0,0,
0,0,0,0,100,100,0,100,0,100,0,100,100,0,
0,0,0,0,0,100,100,0,100,0,100,0,100,100,
0,0,0,0,0,0,100,0,0,100,0,0,0,100,
0,0,0,0,0,0,0,100,100,0,0,0,100,0,
0,0,0,0,0,0,0,0,100,100,0,100,0,100,
0,0,0,0,0,0,0,0,0,100,0,0,100,0
};*/
/*{
0,100,0,100,100,0,0,0,0,0,0,0,0,0,0,0,0,0,0,0,0,0,
100,0,100,0,100,100,0,0,0,0,0,0,0,0,0,0,0,0,0,0,0,0,
0,100,0,0,0,100,100,0,0,0,0,0,0,0,0,0,0,0,0,0,0,0,
100,0,0,0,100,0,0,100,0,0,0,0,0,0,0,0,0,0,0,0,0,0,
100,100,0,100,0,100,0,100,100,0,0,0,0,0,0,0,0,0,0,0,0,0,
0,100,100,0,100,0,100,0,100,100,0,0,0,0,0,0,0,0,0,0,0,0,
0,0,100,0,0,100,0,0,0,100,100,0,0,0,0,0,0,0,0,0,0,0,
0,0,0,100,100,0,0,0,100,0,0,100,0,0,0,0,0,0,0,0,0,0,
0,0,0,0,100,100,0,100,0,100,0,100,100,0,0,0,0,0,0,0,0,0,
0,0,0,0,0,100,100,0,100,0,100,0,100,100,0,0,0,0,0,0,0,0,
0,0,0,0,0,0,100,0,0,100,0,0,0,100,100,0,0,0,0,0,0,0,
0,0,0,0,0,0,0,100,100,0,0,0,100,0,0,100,0,0,0,0,0,0,
0,0,0,0,0,0,0,0,100,100,0,100,0,100,0,100,100,0,0,0,0,0,
0,0,0,0,0,0,0,0,0,100,100,0,100,0,100,0,100,100,0,0,0,0,
0,0,0,0,0,0,0,0,0,0,100,0,0,100,0,0,0,100,100,0,0,0,
0,0,0,0,0,0,0,0,0,0,0,100,100,0,0,0,100,0,0,100,0,0,
0,0,0,0,0,0,0,0,0,0,0,0,100,100,0,100,0,100,0,100,100,0,
0,0,0,0,0,0,0,0,0,0,0,0,0,100,100,0,100,0,100,0,100,100,
0,0,0,0,0,0,0,0,0,0,0,0,0,0,100,0,0,100,0,0,0,100,
0,0,0,0,0,0,0,0,0,0,0,0,0,0,0,100,100,0,0,0,100,0,
0,0,0,0,0,0,0,0,0,0,0,0,0,0,0,0,100,100,0,100,0,100,
0,0,0,0,0,0,0,0,0,0,0,0,0,0,0,0,0,100,100,0,100,0
};*/

/*{
  0.00, 300.00, 509.90, 894.43, 1081.67, 1272.79, 1360.15, 1486.61, 1529.71, 1500.00, 1414.21, 1208.30, 1081.67, 848.53, 640.31, 223.61, 360.56, 538.52, 300.00, 500.00, 424.26, 583.10, 583.10, 707.11, 1044.03, 1118.03, 1200.00, 1236.93, 1208.30, 1166.19, 
300.00, 0.00, 223.61, 640.31, 848.53, 1081.67, 1208.30, 1414.21, 1500.00, 1529.71, 1486.61, 1360.15, 1272.79, 1081.67, 894.43, 509.90, 583.10, 707.11, 424.26, 583.10, 300.00, 500.00, 360.56, 538.52, 1166.19, 1208.30, 1236.93, 1200.00, 1118.03, 1044.03, 
509.90, 223.61, 0.00, 424.26, 640.31, 894.43, 1044.03, 1300.00, 1414.21, 1486.61, 1476.48, 1414.21, 1360.15, 1208.30, 1044.03, 700.00, 728.01, 806.23, 538.52, 640.31, 282.84, 447.21, 200.00, 400.00, 1204.16, 1220.66, 1208.30, 1118.03, 1000.00, 905.54, 
894.43, 640.31, 424.26, 0.00, 223.61, 509.90, 700.00, 1044.03, 1208.30, 1360.15, 1414.21, 1476.48, 1486.61, 1414.21, 1300.00, 1044.03, 1004.99, 1004.99, 806.23, 806.23, 509.90, 509.90, 316.23, 316.23, 1253.00, 1220.66, 1131.37, 943.40, 761.58, 632.46, 
1081.67, 848.53, 640.31, 223.61, 0.00, 300.00, 509.90, 894.43, 1081.67, 1272.79, 1360.15, 1486.61, 1529.71, 1500.00, 1414.21, 1208.30, 1140.18, 1104.54, 948.68, 905.54, 670.82, 608.28, 500.00, 412.31, 1264.91, 1208.30, 1081.67, 848.53, 640.31, 500.00, 
1272.79, 1081.67, 894.43, 509.90, 300.00, 0.00, 223.61, 640.31, 848.53, 1081.67, 1208.30, 1414.21, 1500.00, 1529.71, 1486.61, 1360.15, 1253.00, 1170.47, 1081.67, 984.89, 848.53, 721.11, 721.11, 565.69, 1204.16, 1118.03, 948.68, 670.82, 447.21, 316.23, 
1360.15, 1208.30, 1044.03, 700.00, 509.90, 223.61, 0.00, 424.26, 640.31, 894.43, 1044.03, 1300.00, 1414.21, 1486.61, 1476.48, 1414.21, 1280.62, 1166.19, 1131.37, 1000.00, 943.40, 781.02, 854.40, 670.82, 1104.54, 1000.00, 806.23, 509.90, 300.00, 223.61, 
1486.61, 1414.21, 1300.00, 1044.03, 894.43, 640.31, 424.26, 0.00, 223.61, 509.90, 700.00, 1044.03, 1208.30, 1360.15, 1414.21, 1476.48, 1303.84, 1140.18, 1208.30, 1029.56, 1118.03, 921.95, 1100.00, 900.00, 894.43, 761.58, 538.52, 282.84, 300.00, 412.31, 
1529.71, 1500.00, 1414.21, 1208.30, 1081.67, 848.53, 640.31, 223.61, 0.00, 300.00, 509.90, 894.43, 1081.67, 1272.79, 1360.15, 1486.61, 1300.00, 1118.03, 1236.93, 1044.03, 1200.00, 1000.00, 1216.55, 1019.80, 781.02, 640.31, 424.26, 300.00, 447.21, 583.10, 
1500.00, 1529.71, 1486.61, 1360.15, 1272.79, 1081.67, 894.43, 509.90, 300.00, 0.00, 223.61, 640.31, 848.53, 1081.67, 1208.30, 1414.21, 1216.55, 1019.80, 1200.00, 1000.00, 1236.93, 1044.03, 1300.00, 1118.03, 583.10, 447.21, 300.00, 424.26, 640.31, 781.02, 
1414.21, 1486.61, 1476.48, 1414.21, 1360.15, 1208.30, 1044.03, 700.00, 509.90, 223.61, 0.00, 424.26, 640.31, 894.43, 1044.03, 1300.00, 1100.00, 900.00, 1118.03, 921.95, 1208.30, 1029.56, 1303.84, 1140.18, 412.31, 300.00, 282.84, 538.52, 761.58, 894.43, 
1208.30, 1360.15, 1414.21, 1476.48, 1486.61, 1414.21, 1300.00, 1044.03, 894.43, 640.31, 424.26, 0.00, 223.61, 509.90, 700.00, 1044.03, 854.40, 670.82, 943.40, 781.02, 1131.37, 1000.00, 1280.62, 1166.19, 223.61, 300.00, 509.90, 806.23, 1000.00, 1104.54, 
1081.67, 1272.79, 1360.15, 1486.61, 1529.71, 1500.00, 1414.21, 1208.30, 1081.67, 848.53, 640.31, 223.61, 0.00, 300.00, 509.90, 894.43, 721.11, 565.69, 848.53, 721.11, 1081.67, 984.89, 1253.00, 1170.47, 316.23, 447.21, 670.82, 948.68, 1118.03, 1204.16, 
848.53, 1081.67, 1208.30, 1414.21, 1500.00, 1529.71, 1486.61, 1360.15, 1272.79, 1081.67, 894.43, 509.90, 300.00, 0.00, 223.61, 640.31, 500.00, 412.31, 670.82, 608.28, 948.68, 905.54, 1140.18, 1104.54, 500.00, 640.31, 848.53, 1081.67, 1208.30, 1264.91, 
640.31, 894.43, 1044.03, 1300.00, 1414.21, 1486.61, 1476.48, 1414.21, 1360.15, 1208.30, 1044.03, 700.00, 509.90, 223.61, 0.00, 424.26, 316.23, 316.23, 509.90, 509.90, 806.23, 806.23, 1004.99, 1004.99, 632.46, 761.58, 943.40, 1131.37, 1220.66, 1253.00, 
223.61, 509.90, 700.00, 1044.03, 1208.30, 1360.15, 1414.21, 1476.48, 1486.61, 1414.21, 1300.00, 1044.03, 894.43, 640.31, 424.26, 0.00, 200.00, 400.00, 282.84, 447.21, 538.52, 640.31, 728.01, 806.23, 905.54, 1000.00, 1118.03, 1208.30, 1220.66, 1204.16, 
360.56, 583.10, 728.01, 1004.99, 1140.18, 1253.00, 1280.62, 1303.84, 1300.00, 1216.55, 1100.00, 854.40, 721.11, 500.00, 316.23, 200.00, 0.00, 200.00, 200.00, 282.84, 500.00, 538.52, 700.00, 728.01, 707.11, 800.00, 921.95, 1029.56, 1063.01, 1063.01, 
538.52, 707.11, 806.23, 1004.99, 1104.54, 1170.47, 1166.19, 1140.18, 1118.03, 1019.80, 900.00, 670.82, 565.69, 412.31, 316.23, 400.00, 200.00, 0.00, 282.84, 200.00, 538.52, 500.00, 728.01, 700.00, 509.90, 600.00, 728.01, 860.23, 921.95, 943.40, 
300.00, 424.26, 538.52, 806.23, 948.68, 1081.67, 1131.37, 1208.30, 1236.93, 1200.00, 1118.03, 943.40, 848.53, 670.82, 509.90, 282.84, 200.00, 282.84, 0.00, 200.00, 300.00, 360.56, 500.00, 538.52, 761.58, 824.62, 900.00, 948.68, 943.40, 921.95, 
500.00, 583.10, 640.31, 806.23, 905.54, 984.89, 1000.00, 1029.56, 1044.03, 1000.00, 921.95, 781.02, 721.11, 608.28, 509.90, 447.21, 282.84, 200.00, 200.00, 0.00, 360.56, 300.00, 538.52, 500.00, 583.10, 632.46, 700.00, 761.58, 781.02, 781.02, 
424.26, 300.00, 282.84, 509.90, 670.82, 848.53, 943.40, 1118.03, 1200.00, 1236.93, 1208.30, 1131.37, 1081.67, 948.68, 806.23, 538.52, 500.00, 538.52, 300.00, 360.56, 0.00, 200.00, 200.00, 282.84, 921.95, 943.40, 948.68, 900.00, 824.62, 761.58, 
583.10, 500.00, 447.21, 509.90, 608.28, 721.11, 781.02, 921.95, 1000.00, 1044.03, 1029.56, 1000.00, 984.89, 905.54, 806.23, 640.31, 538.52, 500.00, 360.56, 300.00, 200.00, 0.00, 282.84, 200.00, 781.02, 781.02, 761.58, 700.00, 632.46, 583.10, 
583.10, 360.56, 200.00, 316.23, 500.00, 721.11, 854.40, 1100.00, 1216.55, 1300.00, 1303.84, 1280.62, 1253.00, 1140.18, 1004.99, 728.01, 700.00, 728.01, 500.00, 538.52, 200.00, 282.84, 0.00, 200.00, 1063.01, 1063.01, 1029.56, 921.95, 800.00, 707.11, 
707.11, 538.52, 400.00, 316.23, 412.31, 565.69, 670.82, 900.00, 1019.80, 1118.03, 1140.18, 1166.19, 1170.47, 1104.54, 1004.99, 806.23, 728.01, 700.00, 538.52, 500.00, 282.84, 200.00, 200.00, 0.00, 943.40, 921.95, 860.23, 728.01, 600.00, 509.90, 
1044.03, 1166.19, 1204.16, 1253.00, 1264.91, 1204.16, 1104.54, 894.43, 781.02, 583.10, 412.31, 223.61, 316.23, 500.00, 632.46, 905.54, 707.11, 509.90, 761.58, 583.10, 921.95, 781.02, 1063.01, 943.40, 0.00, 141.42, 360.56, 632.46, 806.23, 900.00, 
1118.03, 1208.30, 1220.66, 1220.66, 1208.30, 1118.03, 1000.00, 761.58, 640.31, 447.21, 300.00, 300.00, 447.21, 640.31, 761.58, 1000.00, 800.00, 600.00, 824.62, 632.46, 943.40, 781.02, 1063.01, 921.95, 141.42, 0.00, 223.61, 509.90, 700.00, 806.23, 
1200.00, 1236.93, 1208.30, 1131.37, 1081.67, 948.68, 806.23, 538.52, 424.26, 300.00, 282.84, 509.90, 670.82, 848.53, 943.40, 1118.03, 921.95, 728.01, 900.00, 700.00, 948.68, 761.58, 1029.56, 860.23, 360.56, 223.61, 0.00, 300.00, 509.90, 632.46, 
1236.93, 1200.00, 1118.03, 943.40, 848.53, 670.82, 509.90, 282.84, 300.00, 424.26, 538.52, 806.23, 948.68, 1081.67, 1131.37, 1208.30, 1029.56, 860.23, 948.68, 761.58, 900.00, 700.00, 921.95, 728.01, 632.46, 509.90, 300.00, 0.00, 223.61, 360.56, 
1208.30, 1118.03, 1000.00, 761.58, 640.31, 447.21, 300.00, 300.00, 447.21, 640.31, 761.58, 1000.00, 1118.03, 1208.30, 1220.66, 1220.66, 1063.01, 921.95, 943.40, 781.02, 824.62, 632.46, 800.00, 600.00, 806.23, 700.00, 509.90, 223.61, 0.00, 141.42, 
1166.19, 1044.03, 905.54, 632.46, 500.00, 316.23, 223.61, 412.31, 583.10, 781.02, 894.43, 1104.54, 1204.16, 1264.91, 1253.00, 1204.16, 1063.01, 943.40, 921.95, 781.02, 761.58, 583.10, 707.11, 509.90, 900.00, 806.23, 632.46, 360.56, 141.42, 0.00
};*/

{
  0.00, 300.00, 509.90, 894.43, 1081.67, 1272.79, 1360.15, 1486.61, 1529.71, 1500.00, 1414.21, 1208.30, 1081.67, 848.53, 640.31, 223.61, 960.47, 430.12, 1298.08, 150.00, 1507.48, 696.42, 1408.90, 1171.54, 360.56, 538.52, 300.00, 500.00, 424.26, 583.10, 583.10, 707.11, 458.94, 292.62, 534.44, 400.78, 485.41, 485.41, 660.02, 660.02, 1044.03, 1118.03, 1200.00, 1236.93, 1208.30, 1166.19, 1154.34, 1209.34, 1217.58, 
300.00, 0.00, 223.61, 640.31, 848.53, 1081.67, 1208.30, 1414.21, 1500.00, 1529.71, 1486.61, 1360.15, 1272.79, 1081.67, 894.43, 509.90, 1171.54, 696.42, 1408.90, 150.00, 1507.48, 430.12, 1298.08, 960.47, 583.10, 707.11, 424.26, 583.10, 300.00, 500.00, 360.56, 538.52, 660.02, 485.41, 660.02, 485.41, 400.78, 292.62, 534.44, 458.94, 1166.19, 1208.30, 1236.93, 1200.00, 1118.03, 1044.03, 1217.58, 1209.34, 1154.34, 
509.90, 223.61, 0.00, 424.26, 640.31, 894.43, 1044.03, 1300.00, 1414.21, 1486.61, 1476.48, 1414.21, 1360.15, 1208.30, 1044.03, 700.00, 1277.69, 863.13, 1430.03, 364.01, 1443.09, 212.13, 1159.74, 763.22, 728.01, 806.23, 538.52, 640.31, 282.84, 447.21, 200.00, 400.00, 784.62, 625.00, 735.27, 561.81, 375.00, 201.56, 436.61, 301.04, 1204.16, 1220.66, 1208.30, 1118.03, 1000.00, 905.54, 1209.34, 1154.34, 1054.75, 
894.43, 640.31, 424.26, 0.00, 223.61, 509.90, 700.00, 1044.03, 1208.30, 1360.15, 1414.21, 1476.48, 1486.61, 1414.21, 1300.00, 1044.03, 1443.09, 1159.74, 1430.03, 763.22, 1277.69, 212.13, 863.13, 364.01, 1004.99, 1004.99, 806.23, 806.23, 509.90, 509.90, 316.23, 316.23, 1025.00, 908.64, 908.64, 775.00, 525.00, 419.08, 419.08, 275.00, 1253.00, 1220.66, 1131.37, 943.40, 761.58, 632.46, 1171.54, 1030.78, 850.00, 
1081.67, 848.53, 640.31, 223.61, 0.00, 300.00, 509.90, 894.43, 1081.67, 1272.79, 1360.15, 1486.61, 1529.71, 1500.00, 1414.21, 1208.30, 1507.48, 1298.08, 1408.90, 960.47, 1171.54, 430.12, 696.42, 150.00, 1140.18, 1104.54, 948.68, 905.54, 670.82, 608.28, 500.00, 412.31, 1142.64, 1051.49, 1002.81, 897.57, 656.22, 596.34, 505.59, 425.00, 1264.91, 1208.30, 1081.67, 848.53, 640.31, 500.00, 1141.27, 960.47, 743.30, 
1272.79, 1081.67, 894.43, 509.90, 300.00, 0.00, 223.61, 640.31, 848.53, 1081.67, 1208.30, 1414.21, 1500.00, 1529.71, 1486.61, 1360.15, 1507.48, 1408.90, 1298.08, 1171.54, 960.47, 696.42, 430.12, 150.00, 1253.00, 1170.47, 1081.67, 984.89, 848.53, 721.11, 721.11, 565.69, 1231.11, 1179.25, 1068.00, 1007.78, 800.39, 800.39, 625.00, 625.00, 1204.16, 1118.03, 948.68, 670.82, 447.21, 316.23, 1030.78, 807.77, 559.02, 
1360.15, 1208.30, 1044.03, 700.00, 509.90, 223.61, 0.00, 424.26, 640.31, 894.43, 1044.03, 1300.00, 1414.21, 1486.61, 1476.48, 1414.21, 1443.09, 1430.03, 1159.74, 1277.69, 763.22, 863.13, 212.13, 364.01, 1280.62, 1166.19, 1131.37, 1000.00, 943.40, 781.02, 854.40, 670.82, 1241.22, 1220.91, 1068.00, 1044.33, 875.00, 916.86, 700.45, 752.08, 1104.54, 1000.00, 806.23, 509.90, 300.00, 223.61, 901.39, 657.65, 403.11, 
1486.61, 1414.21, 1300.00, 1044.03, 894.43, 640.31, 424.26, 0.00, 223.61, 509.90, 700.00, 1044.03, 1208.30, 1360.15, 1414.21, 1476.48, 1277.69, 1430.03, 863.13, 1443.09, 364.01, 1159.74, 212.13, 763.22, 1303.84, 1140.18, 1208.30, 1029.56, 1118.03, 921.95, 1100.00, 900.00, 1235.16, 1275.00, 1060.95, 1107.08, 1025.00, 1129.44, 880.70, 1000.31, 894.43, 761.58, 538.52, 282.84, 300.00, 412.31, 650.00, 403.11, 269.26, 
1529.71, 1500.00, 1414.21, 1208.30, 1081.67, 848.53, 640.31, 223.61, 0.00, 300.00, 509.90, 894.43, 1081.67, 1272.79, 1360.15, 1486.61, 1171.54, 1408.90, 696.42, 1507.48, 150.00, 1298.08, 430.12, 960.47, 1300.00, 1118.03, 1236.93, 1044.03, 1200.00, 1000.00, 1216.55, 1019.80, 1218.86, 1288.65, 1053.86, 1133.85, 1100.28, 1229.07, 980.11, 1122.78, 781.02, 640.31, 424.26, 300.00, 447.21, 583.10, 531.51, 335.41, 364.01, 
1500.00, 1529.71, 1486.61, 1360.15, 1272.79, 1081.67, 894.43, 509.90, 300.00, 0.00, 223.61, 640.31, 848.53, 1081.67, 1208.30, 1414.21, 960.47, 1298.08, 430.12, 1507.48, 150.00, 1408.90, 696.42, 1171.54, 1216.55, 1019.80, 1200.00, 1000.00, 1236.93, 1044.03, 1300.00, 1118.03, 1122.78, 1229.07, 980.11, 1100.28, 1133.85, 1288.65, 1053.86, 1218.86, 583.10, 447.21, 300.00, 424.26, 640.31, 781.02, 364.01, 335.41, 531.51, 
1414.21, 1486.61, 1476.48, 1414.21, 1360.15, 1208.30, 1044.03, 700.00, 509.90, 223.61, 0.00, 424.26, 640.31, 894.43, 1044.03, 1300.00, 763.22, 1159.74, 212.13, 1443.09, 364.01, 1430.03, 863.13, 1277.69, 1100.00, 900.00, 1118.03, 921.95, 1208.30, 1029.56, 1303.84, 1140.18, 1000.31, 1129.44, 880.70, 1025.00, 1107.08, 1275.00, 1060.95, 1235.16, 412.31, 300.00, 282.84, 538.52, 761.58, 894.43, 269.26, 403.11, 650.00, 
1208.30, 1360.15, 1414.21, 1476.48, 1486.61, 1414.21, 1300.00, 1044.03, 894.43, 640.31, 424.26, 0.00, 223.61, 509.90, 700.00, 1044.03, 364.01, 863.13, 212.13, 1277.69, 763.22, 1430.03, 1159.74, 1443.09, 854.40, 670.82, 943.40, 781.02, 1131.37, 1000.00, 1280.62, 1166.19, 752.08, 916.86, 700.45, 875.00, 1044.33, 1220.91, 1068.00, 1241.22, 223.61, 300.00, 509.90, 806.23, 1000.00, 1104.54, 403.11, 657.65, 901.39, 
1081.67, 1272.79, 1360.15, 1486.61, 1529.71, 1500.00, 1414.21, 1208.30, 1081.67, 848.53, 640.31, 223.61, 0.00, 300.00, 509.90, 894.43, 150.00, 696.42, 430.12, 1171.54, 960.47, 1408.90, 1298.08, 1507.48, 721.11, 565.69, 848.53, 721.11, 1081.67, 984.89, 1253.00, 1170.47, 625.00, 800.39, 625.00, 800.39, 1007.78, 1179.25, 1068.00, 1231.11, 316.23, 447.21, 670.82, 948.68, 1118.03, 1204.16, 559.02, 807.77, 1030.78, 
848.53, 1081.67, 1208.30, 1414.21, 1500.00, 1529.71, 1486.61, 1360.15, 1272.79, 1081.67, 894.43, 509.90, 300.00, 0.00, 223.61, 640.31, 150.00, 430.12, 696.42, 960.47, 1171.54, 1298.08, 1408.90, 1507.48, 500.00, 412.31, 670.82, 608.28, 948.68, 905.54, 1140.18, 1104.54, 425.00, 596.34, 505.59, 656.22, 897.57, 1051.49, 1002.81, 1142.64, 500.00, 640.31, 848.53, 1081.67, 1208.30, 1264.91, 743.30, 960.47, 1141.27, 
640.31, 894.43, 1044.03, 1300.00, 1414.21, 1486.61, 1476.48, 1414.21, 1360.15, 1208.30, 1044.03, 700.00, 509.90, 223.61, 0.00, 424.26, 364.01, 212.13, 863.13, 763.22, 1277.69, 1159.74, 1430.03, 1443.09, 316.23, 316.23, 509.90, 509.90, 806.23, 806.23, 1004.99, 1004.99, 275.00, 419.08, 419.08, 525.00, 775.00, 908.64, 908.64, 1025.00, 632.46, 761.58, 943.40, 1131.37, 1220.66, 1253.00, 850.00, 1030.78, 1171.54, 
223.61, 509.90, 700.00, 1044.03, 1208.30, 1360.15, 1414.21, 1476.48, 1486.61, 1414.21, 1300.00, 1044.03, 894.43, 640.31, 424.26, 0.00, 763.22, 212.13, 1159.74, 364.01, 1443.09, 863.13, 1430.03, 1277.69, 200.00, 400.00, 282.84, 447.21, 538.52, 640.31, 728.01, 806.23, 301.04, 201.56, 436.61, 375.00, 561.81, 625.00, 735.27, 784.62, 905.54, 1000.00, 1118.03, 1208.30, 1220.66, 1204.16, 1054.75, 1154.34, 1209.34, 
960.47, 1171.54, 1277.69, 1443.09, 1507.48, 1507.48, 1443.09, 1277.69, 1171.54, 960.47, 763.22, 364.01, 150.00, 150.00, 364.01, 763.22, 0.00, 559.02, 559.02, 1060.66, 1060.66, 1346.29, 1346.29, 1500.00, 602.08, 471.70, 750.00, 650.00, 1006.23, 934.08, 1188.49, 1128.05, 512.96, 689.66, 548.29, 716.33, 942.40, 1107.08, 1025.00, 1178.19, 390.51, 531.51, 750.00, 1006.23, 1154.34, 1225.77, 640.31, 874.64, 1077.03, 
430.12, 696.42, 863.13, 1159.74, 1298.08, 1408.90, 1430.03, 1430.03, 1408.90, 1298.08, 1159.74, 863.13, 696.42, 430.12, 212.13, 212.13, 559.02, 0.00, 1000.00, 559.02, 1346.29, 1000.00, 1414.21, 1346.29, 158.11, 291.55, 353.55, 430.12, 651.92, 696.42, 851.47, 886.00, 195.26, 251.25, 371.65, 403.89, 642.75, 750.42, 798.83, 887.76, 751.66, 863.13, 1012.42, 1151.09, 1202.08, 1210.37, 934.08, 1073.55, 1171.54, 
1298.08, 1408.90, 1430.03, 1430.03, 1408.90, 1298.08, 1159.74, 863.13, 696.42, 430.12, 212.13, 212.13, 430.12, 696.42, 863.13, 1159.74, 559.02, 1000.00, 0.00, 1346.29, 559.02, 1414.21, 1000.00, 1346.29, 961.77, 764.85, 1012.42, 827.65, 1151.09, 992.47, 1274.75, 1133.58, 859.14, 1006.54, 766.89, 929.05, 1055.05, 1230.09, 1043.13, 1219.89, 254.95, 212.13, 353.55, 651.92, 863.13, 982.34, 269.26, 502.49, 756.64, 
150.00, 150.00, 364.01, 763.22, 960.47, 1171.54, 1277.69, 1443.09, 1507.48, 1507.48, 1443.09, 1277.69, 1171.54, 960.47, 763.22, 364.01, 1060.66, 559.02, 1346.29, 0.00, 1500.00, 559.02, 1346.29, 1060.66, 460.98, 610.33, 335.41, 522.02, 335.41, 522.02, 460.98, 610.33, 548.29, 371.65, 581.49, 419.08, 419.08, 371.65, 581.49, 548.29, 1096.59, 1154.34, 1209.34, 1209.34, 1154.34, 1096.59, 1176.86, 1200.00, 1176.86, 
1507.48, 1507.48, 1443.09, 1277.69, 1171.54, 960.47, 763.22, 364.01, 150.00, 150.00, 364.01, 763.22, 960.47, 1171.54, 1277.69, 1443.09, 1060.66, 1346.29, 559.02, 1500.00, 0.00, 1346.29, 559.02, 1060.66, 1250.00, 1059.48, 1209.34, 1011.19, 1209.34, 1011.19, 1250.00, 1059.48, 1162.16, 1250.25, 1006.54, 1107.08, 1107.08, 1250.25, 1006.54, 1162.16, 672.68, 531.51, 335.41, 335.41, 531.51, 672.68, 430.12, 300.00, 430.12, 
696.42, 430.12, 212.13, 212.13, 430.12, 696.42, 863.13, 1159.74, 1298.08, 1408.90, 1430.03, 1430.03, 1408.90, 1298.08, 1159.74, 863.13, 1346.29, 1000.00, 1414.21, 559.02, 1346.29, 0.00, 1000.00, 559.02, 851.47, 886.00, 651.92, 696.42, 353.55, 430.12, 158.11, 291.55, 887.76, 750.42, 798.83, 642.75, 403.89, 251.25, 371.65, 195.26, 1210.37, 1202.08, 1151.09, 1012.42, 863.13, 751.66, 1171.54, 1073.55, 934.08, 
1408.90, 1298.08, 1159.74, 863.13, 696.42, 430.12, 212.13, 212.13, 430.12, 696.42, 863.13, 1159.74, 1298.08, 1408.90, 1430.03, 1430.03, 1346.29, 1414.21, 1000.00, 1346.29, 559.02, 1000.00, 0.00, 559.02, 1274.75, 1133.58, 1151.09, 992.47, 1012.42, 827.65, 961.77, 764.85, 1219.89, 1230.09, 1043.13, 1055.05, 929.05, 1006.54, 766.89, 859.14, 982.34, 863.13, 651.92, 353.55, 212.13, 254.95, 756.64, 502.49, 269.26, 
1171.54, 960.47, 763.22, 364.01, 150.00, 150.00, 364.01, 763.22, 960.47, 1171.54, 1277.69, 1443.09, 1507.48, 1507.48, 1443.09, 1277.69, 1500.00, 1346.29, 1346.29, 1060.66, 1060.66, 559.02, 559.02, 0.00, 1188.49, 1128.05, 1006.23, 934.08, 750.00, 650.00, 602.08, 471.70, 1178.19, 1107.08, 1025.00, 942.40, 716.33, 689.66, 548.29, 512.96, 1225.77, 1154.34, 1006.23, 750.00, 531.51, 390.51, 1077.03, 874.64, 640.31, 
360.56, 583.10, 728.01, 1004.99, 1140.18, 1253.00, 1280.62, 1303.84, 1300.00, 1216.55, 1100.00, 854.40, 721.11, 500.00, 316.23, 200.00, 602.08, 158.11, 961.77, 460.98, 1250.00, 851.47, 1274.75, 1188.49, 0.00, 200.00, 200.00, 282.84, 500.00, 538.52, 700.00, 728.01, 103.08, 103.08, 246.22, 246.22, 485.41, 600.52, 640.80, 731.86, 707.11, 800.00, 921.95, 1029.56, 1063.01, 1063.01, 855.86, 965.66, 1040.43, 
538.52, 707.11, 806.23, 1004.99, 1104.54, 1170.47, 1166.19, 1140.18, 1118.03, 1019.80, 900.00, 670.82, 565.69, 412.31, 316.23, 400.00, 471.70, 291.55, 764.85, 610.33, 1059.48, 886.00, 1133.58, 1128.05, 200.00, 0.00, 282.84, 200.00, 538.52, 500.00, 728.01, 700.00, 103.08, 246.22, 103.08, 246.22, 485.41, 640.80, 600.52, 731.86, 509.90, 600.00, 728.01, 860.23, 921.95, 943.40, 657.65, 782.62, 884.59, 
300.00, 424.26, 538.52, 806.23, 948.68, 1081.67, 1131.37, 1208.30, 1236.93, 1200.00, 1118.03, 943.40, 848.53, 670.82, 509.90, 282.84, 750.00, 353.55, 1012.42, 335.41, 1209.34, 651.92, 1151.09, 1006.23, 200.00, 282.84, 0.00, 200.00, 300.00, 360.56, 500.00, 538.52, 246.22, 103.08, 246.22, 103.08, 292.62, 400.78, 458.94, 534.44, 761.58, 824.62, 900.00, 948.68, 943.40, 921.95, 855.86, 912.41, 939.41, 
500.00, 583.10, 640.31, 806.23, 905.54, 984.89, 1000.00, 1029.56, 1044.03, 1000.00, 921.95, 781.02, 721.11, 608.28, 509.90, 447.21, 650.00, 430.12, 827.65, 522.02, 1011.19, 696.42, 992.47, 934.08, 282.84, 200.00, 200.00, 0.00, 360.56, 300.00, 538.52, 500.00, 246.22, 246.22, 103.08, 103.08, 292.62, 458.94, 400.78, 534.44, 583.10, 632.46, 700.00, 761.58, 781.02, 781.02, 657.65, 715.89, 763.22, 
424.26, 300.00, 282.84, 509.90, 670.82, 848.53, 943.40, 1118.03, 1200.00, 1236.93, 1208.30, 1131.37, 1081.67, 948.68, 806.23, 538.52, 1006.23, 651.92, 1151.09, 335.41, 1209.34, 353.55, 1012.42, 750.00, 500.00, 538.52, 300.00, 360.56, 0.00, 200.00, 200.00, 282.84, 534.44, 400.78, 458.94, 292.62, 103.08, 103.08, 246.22, 246.22, 921.95, 943.40, 948.68, 900.00, 824.62, 761.58, 939.41, 912.41, 855.86, 
583.10, 500.00, 447.21, 509.90, 608.28, 721.11, 781.02, 921.95, 1000.00, 1044.03, 1029.56, 1000.00, 984.89, 905.54, 806.23, 640.31, 934.08, 696.42, 992.47, 522.02, 1011.19, 430.12, 827.65, 650.00, 538.52, 500.00, 360.56, 300.00, 200.00, 0.00, 282.84, 200.00, 534.44, 458.94, 400.78, 292.62, 103.08, 246.22, 103.08, 246.22, 781.02, 781.02, 761.58, 700.00, 632.46, 583.10, 763.22, 715.89, 657.65, 
583.10, 360.56, 200.00, 316.23, 500.00, 721.11, 854.40, 1100.00, 1216.55, 1300.00, 1303.84, 1280.62, 1253.00, 1140.18, 1004.99, 728.01, 1188.49, 851.47, 1274.75, 460.98, 1250.00, 158.11, 961.77, 602.08, 700.00, 728.01, 500.00, 538.52, 200.00, 282.84, 0.00, 200.00, 731.86, 600.52, 640.80, 485.41, 246.22, 103.08, 246.22, 103.08, 1063.01, 1063.01, 1029.56, 921.95, 800.00, 707.11, 1040.43, 965.66, 855.86, 
707.11, 538.52, 400.00, 316.23, 412.31, 565.69, 670.82, 900.00, 1019.80, 1118.03, 1140.18, 1166.19, 1170.47, 1104.54, 1004.99, 806.23, 1128.05, 886.00, 1133.58, 610.33, 1059.48, 291.55, 764.85, 471.70, 728.01, 700.00, 538.52, 500.00, 282.84, 200.00, 200.00, 0.00, 731.86, 640.80, 600.52, 485.41, 246.22, 246.22, 103.08, 103.08, 943.40, 921.95, 860.23, 728.01, 600.00, 509.90, 884.59, 782.62, 657.65, 
458.94, 660.02, 784.62, 1025.00, 1142.64, 1231.11, 1241.22, 1235.16, 1218.86, 1122.78, 1000.31, 752.08, 625.00, 425.00, 275.00, 301.04, 512.96, 195.26, 859.14, 548.29, 1162.16, 887.76, 1219.89, 1178.19, 103.08, 103.08, 246.22, 246.22, 534.44, 534.44, 731.86, 731.86, 0.00, 176.78, 176.78, 250.00, 500.00, 637.38, 637.38, 750.00, 604.67, 700.45, 831.04, 956.88, 1007.78, 1020.11, 760.35, 883.53, 976.28, 
292.62, 485.41, 625.00, 908.64, 1051.49, 1179.25, 1220.91, 1275.00, 1288.65, 1229.07, 1129.44, 916.86, 800.39, 596.34, 419.08, 201.56, 689.66, 251.25, 1006.54, 371.65, 1250.25, 750.42, 1230.09, 1107.08, 103.08, 246.22, 103.08, 246.22, 400.78, 458.94, 600.52, 640.80, 176.78, 0.00, 250.00, 176.78, 395.28, 500.00, 559.02, 637.38, 752.08, 831.04, 930.39, 1007.78, 1020.11, 1007.78, 875.00, 958.19, 1007.78, 
534.44, 660.02, 735.27, 908.64, 1002.81, 1068.00, 1068.00, 1060.95, 1053.86, 980.11, 880.70, 700.45, 625.00, 505.59, 419.08, 436.61, 548.29, 371.65, 766.89, 581.49, 1006.54, 798.83, 1043.13, 1025.00, 246.22, 103.08, 246.22, 103.08, 458.94, 400.78, 640.80, 600.52, 176.78, 250.00, 0.00, 176.78, 395.28, 559.02, 500.00, 637.38, 515.39, 583.63, 682.37, 784.62, 831.04, 845.95, 625.00, 719.81, 800.39, 
400.78, 485.41, 561.81, 775.00, 897.57, 1007.78, 1044.33, 1107.08, 1133.85, 1100.28, 1025.00, 875.00, 800.39, 656.22, 525.00, 375.00, 716.33, 403.89, 929.05, 419.08, 1107.08, 642.75, 1055.05, 942.40, 246.22, 246.22, 103.08, 103.08, 292.62, 292.62, 485.41, 485.41, 250.00, 176.78, 176.78, 0.00, 250.00, 395.28, 395.28, 500.00, 682.37, 735.27, 800.39, 845.95, 845.95, 831.04, 760.35, 809.71, 838.53, 
485.41, 400.78, 375.00, 525.00, 656.22, 800.39, 875.00, 1025.00, 1100.28, 1133.85, 1107.08, 1044.33, 1007.78, 897.57, 775.00, 561.81, 942.40, 642.75, 1055.05, 419.08, 1107.08, 403.89, 929.05, 716.33, 485.41, 485.41, 292.62, 292.62, 103.08, 103.08, 246.22, 246.22, 500.00, 395.28, 395.28, 250.00, 0.00, 176.78, 176.78, 250.00, 831.04, 845.95, 845.95, 800.39, 735.27, 682.37, 838.53, 809.71, 760.35, 
485.41, 292.62, 201.56, 419.08, 596.34, 800.39, 916.86, 1129.44, 1229.07, 1288.65, 1275.00, 1220.91, 1179.25, 1051.49, 908.64, 625.00, 1107.08, 750.42, 1230.09, 371.65, 1250.25, 251.25, 1006.54, 689.66, 600.52, 640.80, 400.78, 458.94, 103.08, 246.22, 103.08, 246.22, 637.38, 500.00, 559.02, 395.28, 176.78, 0.00, 250.00, 176.78, 1007.78, 1020.11, 1007.78, 930.39, 831.04, 752.08, 1007.78, 958.19, 875.00, 
660.02, 534.44, 436.61, 419.08, 505.59, 625.00, 700.45, 880.70, 980.11, 1053.86, 1060.95, 1068.00, 1068.00, 1002.81, 908.64, 735.27, 1025.00, 798.83, 1043.13, 581.49, 1006.54, 371.65, 766.89, 548.29, 640.80, 600.52, 458.94, 400.78, 246.22, 103.08, 246.22, 103.08, 637.38, 559.02, 500.00, 395.28, 176.78, 250.00, 0.00, 176.78, 845.95, 831.04, 784.62, 682.37, 583.63, 515.39, 800.39, 719.81, 625.00, 
660.02, 458.94, 301.04, 275.00, 425.00, 625.00, 752.08, 1000.31, 1122.78, 1218.86, 1235.16, 1241.22, 1231.11, 1142.64, 1025.00, 784.62, 1178.19, 887.76, 1219.89, 548.29, 1162.16, 195.26, 859.14, 512.96, 731.86, 731.86, 534.44, 534.44, 246.22, 246.22, 103.08, 103.08, 750.00, 637.38, 637.38, 500.00, 250.00, 176.78, 176.78, 0.00, 1020.11, 1007.78, 956.88, 831.04, 700.45, 604.67, 976.28, 883.53, 760.35, 
1044.03, 1166.19, 1204.16, 1253.00, 1264.91, 1204.16, 1104.54, 894.43, 781.02, 583.10, 412.31, 223.61, 316.23, 500.00, 632.46, 905.54, 390.51, 751.66, 254.95, 1096.59, 672.68, 1210.37, 982.34, 1225.77, 707.11, 509.90, 761.58, 583.10, 921.95, 781.02, 1063.01, 943.40, 604.67, 752.08, 515.39, 682.37, 831.04, 1007.78, 845.95, 1020.11, 0.00, 141.42, 360.56, 632.46, 806.23, 900.00, 250.00, 492.44, 715.89, 
1118.03, 1208.30, 1220.66, 1220.66, 1208.30, 1118.03, 1000.00, 761.58, 640.31, 447.21, 300.00, 300.00, 447.21, 640.31, 761.58, 1000.00, 531.51, 863.13, 212.13, 1154.34, 531.51, 1202.08, 863.13, 1154.34, 800.00, 600.00, 824.62, 632.46, 943.40, 781.02, 1063.01, 921.95, 700.45, 831.04, 583.63, 735.27, 845.95, 1020.11, 831.04, 1007.78, 141.42, 0.00, 223.61, 509.90, 700.00, 806.23, 111.80, 364.01, 602.08, 
1200.00, 1236.93, 1208.30, 1131.37, 1081.67, 948.68, 806.23, 538.52, 424.26, 300.00, 282.84, 509.90, 670.82, 848.53, 943.40, 1118.03, 750.00, 1012.42, 353.55, 1209.34, 335.41, 1151.09, 651.92, 1006.23, 921.95, 728.01, 900.00, 700.00, 948.68, 761.58, 1029.56, 860.23, 831.04, 930.39, 682.37, 800.39, 845.95, 1007.78, 784.62, 956.88, 360.56, 223.61, 0.00, 300.00, 509.90, 632.46, 111.80, 150.00, 403.11, 
1236.93, 1200.00, 1118.03, 943.40, 848.53, 670.82, 509.90, 282.84, 300.00, 424.26, 538.52, 806.23, 948.68, 1081.67, 1131.37, 1208.30, 1006.23, 1151.09, 651.92, 1209.34, 335.41, 1012.42, 353.55, 750.00, 1029.56, 860.23, 948.68, 761.58, 900.00, 700.00, 921.95, 728.01, 956.88, 1007.78, 784.62, 845.95, 800.39, 930.39, 682.37, 831.04, 632.46, 509.90, 300.00, 0.00, 223.61, 360.56, 403.11, 150.00, 111.80, 
1208.30, 1118.03, 1000.00, 761.58, 640.31, 447.21, 300.00, 300.00, 447.21, 640.31, 761.58, 1000.00, 1118.03, 1208.30, 1220.66, 1220.66, 1154.34, 1202.08, 863.13, 1154.34, 531.51, 863.13, 212.13, 531.51, 1063.01, 921.95, 943.40, 781.02, 824.62, 632.46, 800.00, 600.00, 1007.78, 1020.11, 831.04, 845.95, 735.27, 831.04, 583.63, 700.45, 806.23, 700.00, 509.90, 223.61, 0.00, 141.42, 602.08, 364.01, 111.80, 
1166.19, 1044.03, 905.54, 632.46, 500.00, 316.23, 223.61, 412.31, 583.10, 781.02, 894.43, 1104.54, 1204.16, 1264.91, 1253.00, 1204.16, 1225.77, 1210.37, 982.34, 1096.59, 672.68, 751.66, 254.95, 390.51, 1063.01, 943.40, 921.95, 781.02, 761.58, 583.10, 707.11, 509.90, 1020.11, 1007.78, 845.95, 831.04, 682.37, 752.08, 515.39, 604.67, 900.00, 806.23, 632.46, 360.56, 141.42, 0.00, 715.89, 492.44, 250.00, 
1154.34, 1217.58, 1209.34, 1171.54, 1141.27, 1030.78, 901.39, 650.00, 531.51, 364.01, 269.26, 403.11, 559.02, 743.30, 850.00, 1054.75, 640.31, 934.08, 269.26, 1176.86, 430.12, 1171.54, 756.64, 1077.03, 855.86, 657.65, 855.86, 657.65, 939.41, 763.22, 1040.43, 884.59, 760.35, 875.00, 625.00, 760.35, 838.53, 1007.78, 800.39, 976.28, 250.00, 111.80, 111.80, 403.11, 602.08, 715.89, 0.00, 254.95, 500.00, 
1209.34, 1209.34, 1154.34, 1030.78, 960.47, 807.77, 657.65, 403.11, 335.41, 335.41, 403.11, 657.65, 807.77, 960.47, 1030.78, 1154.34, 874.64, 1073.55, 502.49, 1200.00, 300.00, 1073.55, 502.49, 874.64, 965.66, 782.62, 912.41, 715.89, 912.41, 715.89, 965.66, 782.62, 883.53, 958.19, 719.81, 809.71, 809.71, 958.19, 719.81, 883.53, 492.44, 364.01, 150.00, 150.00, 364.01, 492.44, 254.95, 0.00, 254.95, 
1217.58, 1154.34, 1054.75, 850.00, 743.30, 559.02, 403.11, 269.26, 364.01, 531.51, 650.00, 901.39, 1030.78, 1141.27, 1171.54, 1209.34, 1077.03, 1171.54, 756.64, 1176.86, 430.12, 934.08, 269.26, 640.31, 1040.43, 884.59, 939.41, 763.22, 855.86, 657.65, 855.86, 657.65, 976.28, 1007.78, 800.39, 838.53, 760.35, 875.00, 625.00, 760.35, 715.89, 602.08, 403.11, 111.80, 111.80, 250.00, 500.00, 254.95, 0.00
};

#endif